0.000000e+00
0.000000e+00
0.000000e+00
0.000000e+00
0.000000e+00
0.000000e+00
0.000000e+00
0.000000e+00
0.000000e+00
0.000000e+00
0.000000e+00
0.000000e+00
0.000000e+00
0.000000e+00
0.000000e+00
0.000000e+00
0.000000e+00
0.000000e+00
0.000000e+00
0.000000e+00
0.000000e+00
0.000000e+00
0.000000e+00
0.000000e+00
0.000000e+00
0.000000e+00
0.000000e+00
0.000000e+00
0.000000e+00
0.000000e+00
0.000000e+00
0.000000e+00
0.000000e+00
0.000000e+00
0.000000e+00
0.000000e+00
0.000000e+00
0.000000e+00
0.000000e+00
0.000000e+00
0.000000e+00
0.000000e+00
0.000000e+00
0.000000e+00
0.000000e+00
0.000000e+00
0.000000e+00
0.000000e+00
0.000000e+00
0.000000e+00
0.000000e+00
0.000000e+00
0.000000e+00
0.000000e+00
0.000000e+00
0.000000e+00
0.000000e+00
0.000000e+00
0.000000e+00
0.000000e+00
0.000000e+00
0.000000e+00
0.000000e+00
0.000000e+00
0.000000e+00
0.000000e+00
0.000000e+00
0.000000e+00
0.000000e+00
0.000000e+00
0.000000e+00
0.000000e+00
0.000000e+00
0.000000e+00
0.000000e+00
0.000000e+00
0.000000e+00
0.000000e+00
0.000000e+00
0.000000e+00
0.000000e+00
0.000000e+00
0.000000e+00
0.000000e+00
0.000000e+00
0.000000e+00
0.000000e+00
0.000000e+00
0.000000e+00
0.000000e+00
0.000000e+00
0.000000e+00
0.000000e+00
0.000000e+00
0.000000e+00
0.000000e+00
0.000000e+00
0.000000e+00
0.000000e+00
0.000000e+00
1.633711e-01
3.011175e-01
4.191543e-01
5.221122e-01
6.136000e-01
6.964165e-01
7.727207e-01
8.441690e-01
9.120228e-01
9.772370e-01
1.040528e+00
1.102428e+00
1.163330e+00
1.223518e+00
1.283198e+00
1.342512e+00
1.401560e+00
1.460410e+00
1.519105e+00
1.577672e+00
1.472755e+00
1.393358e+00
1.333570e+00
1.288760e+00
1.255317e+00
1.230443e+00
1.211974e+00
1.198255e+00
1.188022e+00
1.180320e+00
1.174434e+00
1.169832e+00
1.166122e+00
1.163022e+00
1.160329e+00
1.157901e+00
1.155642e+00
1.153487e+00
1.151395e+00
1.149342e+00
1.147315e+00
1.145307e+00
1.143318e+00
1.141350e+00
1.139405e+00
1.137488e+00
1.135601e+00
1.133748e+00
1.131931e+00
1.130152e+00
1.128411e+00
1.126709e+00
1.125045e+00
1.123419e+00
1.121829e+00
1.120274e+00
1.118752e+00
1.117262e+00
1.115801e+00
1.114367e+00
1.112960e+00
1.111577e+00
1.110216e+00
1.108877e+00
1.107557e+00
1.106256e+00
1.104973e+00
1.103706e+00
1.102455e+00
1.101219e+00
1.099997e+00
1.098790e+00
1.097595e+00
1.096415e+00
1.095247e+00
1.094091e+00
1.092949e+00
1.091818e+00
1.090700e+00
1.089595e+00
1.088501e+00
1.087419e+00
1.086350e+00
1.085292e+00
1.084246e+00
1.083213e+00
1.082191e+00
1.081181e+00
1.080183e+00
1.079196e+00
1.078222e+00
1.077258e+00
1.076307e+00
1.075367e+00
1.074438e+00
1.073521e+00
1.072614e+00
1.071719e+00
1.070835e+00
1.069962e+00
1.069099e+00
1.068248e+00
1.067407e+00
1.066576e+00
1.065755e+00
1.064945e+00
1.064145e+00
1.063355e+00
1.062575e+00
1.061804e+00
1.061043e+00
1.060291e+00
1.059549e+00
1.058816e+00
1.058092e+00
1.057377e+00
1.056671e+00
1.055973e+00
1.055285e+00
1.054605e+00
1.053933e+00
1.053269e+00
1.052614e+00
1.051967e+00
1.051328e+00
1.050697e+00
1.050073e+00
1.049457e+00
1.048849e+00
1.048248e+00
1.047655e+00
1.047069e+00
1.046490e+00
1.045918e+00
1.045354e+00
1.044796e+00
1.044245e+00
1.043701e+00
1.043164e+00
1.042633e+00
1.042109e+00
1.041591e+00
1.041080e+00
1.040575e+00
1.040076e+00
1.039583e+00
1.039096e+00
1.038615e+00
1.038141e+00
1.037671e+00
1.037208e+00
1.036751e+00
1.036299e+00
1.035852e+00
1.035411e+00
1.034976e+00
1.034546e+00
1.034121e+00
1.033701e+00
1.033287e+00
1.032877e+00
1.032473e+00
1.032074e+00
1.031679e+00
1.031290e+00
1.030905e+00
1.030525e+00
1.030149e+00
1.029779e+00
1.029413e+00
1.029051e+00
1.028693e+00
1.028341e+00
1.027992e+00
1.027648e+00
1.027308e+00
1.026972e+00
1.026640e+00
1.026312e+00
1.025989e+00
1.025669e+00
1.025354e+00
1.025042e+00
1.024734e+00
1.024430e+00
1.024129e+00
1.023832e+00
1.023539e+00
1.023250e+00
1.022964e+00
1.022681e+00
1.022403e+00
1.022127e+00
1.021855e+00
1.021586e+00
1.021321e+00
1.021058e+00
1.020799e+00
1.020544e+00
1.020291e+00
8.566701e-01
7.186772e-01
6.003972e-01
4.971987e-01
4.054735e-01
3.224224e-01
2.458863e-01
1.742094e-01
1.061295e-01
4.069209e-02
-2.281925e-02
-8.493721e-02
-1.460541e-01
-2.064549e-01
-2.663441e-01
-3.258656e-01
-3.851190e-01
-4.441711e-01
-5.030658e-01
-5.618297e-01
-4.571077e-01
-3.779034e-01
-3.183051e-01
-2.736826e-01
-2.404258e-01
-2.157341e-01
-1.974466e-01
-1.839059e-01
-1.738495e-01
-1.663223e-01
-1.606083e-01
-1.561757e-01
-1.526339e-01
-1.496995e-01
-1.471703e-01
-1.449046e-01
-1.428054e-01
-1.408084e-01
-1.388727e-01
-1.369737e-01
-1.350983e-01
-1.332409e-01
-1.314003e-01
-1.295785e-01
-1.277786e-01
-1.260042e-01
-1.242587e-01
-1.225452e-01
-1.208660e-01
-1.192227e-01
-1.176163e-01
-1.160470e-01
-1.145144e-01
-1.130177e-01
-1.115557e-01
-1.101270e-01
-1.087300e-01
-1.073627e-01
-1.060234e-01
-1.047104e-01
-1.034217e-01
-1.021559e-01
-1.009112e-01
-9.968618e-02
-9.847961e-02
-9.729026e-02
-9.611706e-02
-9.495909e-02
-9.381554e-02
-9.268574e-02
-9.156911e-02
-9.046516e-02
-8.937348e-02
-8.829375e-02
-8.722569e-02
-8.616912e-02
-8.512386e-02
-8.408980e-02
-8.306684e-02
-8.205488e-02
-8.105391e-02
-8.006388e-02
-7.908475e-02
-7.811651e-02
-7.715912e-02
-7.621257e-02
-7.527682e-02
-7.435188e-02
-7.343767e-02
-7.253417e-02
-7.164135e-02
-7.075914e-02
-6.988747e-02
-6.902631e-02
-6.817555e-02
-6.733516e-02
-6.650501e-02
-6.568505e-02
-6.487517e-02
-6.407528e-02
-6.328525e-02
-6.250503e-02
-6.173448e-02
-6.097351e-02
-6.022199e-02
-5.947982e-02
-5.874689e-02
-5.802309e-02
-5.730829e-02
-5.660240e-02
-5.590529e-02
-5.521686e-02
-5.453700e-02
-5.386559e-02
-5.320252e-02
-5.254768e-02
-5.190098e-02
-5.126229e-02
-5.063153e-02
-5.000858e-02
-4.939334e-02
-4.878571e-02
-4.818560e-02
-4.759290e-02
-4.700754e-02
-4.642939e-02
-4.585838e-02
-4.529442e-02
-4.473740e-02
-4.418725e-02
-4.364388e-02
-4.310720e-02
-4.257713e-02
-4.205357e-02
-4.153647e-02
-4.102573e-02
-4.052126e-02
-4.002300e-02
-3.953087e-02
-3.904479e-02
-3.856468e-02
-3.809048e-02
-3.762210e-02
-3.715948e-02
-3.670254e-02
-3.625122e-02
-3.580545e-02
-3.536516e-02
-3.493028e-02
-3.450074e-02
-3.407648e-02
-3.365743e-02
-3.324354e-02
-3.283473e-02
-3.243094e-02
-3.203212e-02
-3.163820e-02
-3.124912e-02
-3.086483e-02
-3.048525e-02
-3.011034e-02
-2.974004e-02
-2.937429e-02
-2.901305e-02
-2.865624e-02
-2.830382e-02
-2.795573e-02
-2.761192e-02
-2.727233e-02
-2.693693e-02
-2.660564e-02
-2.627843e-02
-2.595525e-02
-2.563603e-02
-2.532075e-02
-2.500934e-02
-2.470176e-02
-2.439796e-02
-2.409790e-02
-2.380153e-02
-2.350881e-02
-2.321968e-02
-2.293411e-02
-2.265205e-02
-2.237346e-02
-2.209830e-02
-2.182652e-02
-2.155809e-02
-2.129295e-02
-2.103107e-02
-2.077242e-02
-2.051695e-02
-2.026462e-02
-2.001539e-02
-1.976923e-02
-1.952609e-02
-1.928595e-02
-1.904876e-02
-1.881449e-02
-1.858309e-02
1.450166e-01
2.829887e-01
4.012485e-01
5.044266e-01
5.961319e-01
6.791632e-01
7.556797e-01
8.273376e-01
8.953983e-01
9.608170e-01
1.024310e+00
1.086410e+00
1.147508e+00
1.207891e+00
1.267763e+00
1.327266e+00
1.386503e+00
1.445538e+00
1.504416e+00
1.563163e+00
1.458425e+00
1.379204e+00
1.319590e+00
1.274951e+00
1.241679e+00
1.216972e+00
1.198669e+00
1.185114e+00
1.175042e+00
1.167500e+00
1.161772e+00
1.157325e+00
1.153769e+00
1.150821e+00
1.148278e+00
1.145998e+00
1.143886e+00
1.141875e+00
1.139927e+00
1.138015e+00
1.136126e+00
1.134256e+00
1.132403e+00
1.130569e+00
1.128757e+00
1.126971e+00
1.125213e+00
1.123488e+00
1.121797e+00
1.120143e+00
7.917826e-01
5.147094e-01
2.770920e-01
6.966877e-02
-1.147795e-01
-2.818519e-01
-4.358683e-01
-5.801424e-01
-7.171996e-01
-8.489510e-01
-9.768314e-01
-1.101908e+00
-1.224965e+00
-1.346577e+00
-1.467151e+00
-1.586978e+00
-1.706258e+00
-1.825125e+00
-1.943668e+00
-2.061940e+00
-1.853232e+00
-1.695551e+00
-1.577075e+00
-1.488542e+00
-1.422734e+00
-1.374049e+00
-1.338166e+00
-1.311769e+00
-1.292334e+00
-1.277951e+00
-1.267188e+00
-1.258980e+00
-1.252548e+00
-1.247323e+00
-1.242901e+00
-1.239000e+00
-1.235425e+00
-1.232048e+00
-1.228786e+00
-1.225590e+00
-1.222435e+00
-1.219308e+00
-1.216209e+00
-1.213140e+00
-1.210108e+00
-1.207120e+00
-1.204183e+00
-1.201303e+00
-1.198486e+00
-1.195733e+00
-8.663051e-01
-5.881945e-01
-3.495699e-01
-1.411687e-01
4.422933e-02
2.122244e-01
3.671385e-01
5.122865e-01
6.501959e-01
7.827795e-01
9.114735e-01
1.037347e+00
1.161186e+00
1.283565e+00
1.404894e+00
1.525465e+00
1.645478e+00
1.765068e+00
1.884324e+00
2.003302e+00
1.795291e+00
1.638301e+00
1.520507e+00
1.432651e+00
1.367512e+00
1.319491e+00
1.284264e+00
1.258518e+00
1.239726e+00
1.225981e+00
1.215848e+00
1.208265e+00
1.202451e+00
1.197838e+00
1.194022e+00
1.190720e+00
1.187737e+00
1.184945e+00
1.182262e+00
1.179639e+00
1.177050e+00
1.174483e+00
1.171936e+00
1.169414e+00
1.166921e+00
1.164466e+00
1.162056e+00
1.159696e+00
1.157393e+00
1.155148e+00
8.262208e-01
5.486051e-01
3.104692e-01
1.025507e-01
-8.237076e-02
-2.498952e-01
-4.043444e-01
-5.490336e-01
-6.864899e-01
-8.186259e-01
-9.468781e-01
-1.072315e+00
-1.195724e+00
-1.317677e+00
-1.438586e+00
-1.558742e+00
-1.678345e+00
-1.797530e+00
-1.916387e+00
-2.034970e+00
-1.826570e+00
-1.669195e+00
-1.551021e+00
-1.462790e+00
-1.397281e+00
-1.348892e+00
-1.313304e+00
-1.287201e+00
-1.268057e+00
-1.253963e+00
-1.243486e+00
-1.235564e+00
-1.229413e+00
-1.224469e+00
-1.220325e+00
-1.216700e+00
-1.213398e+00
-1.210290e+00
-1.207296e+00
-1.204365e+00
-1.201472e+00
-1.198604e+00
-1.195761e+00
-1.192946e+00
-1.190164e+00
-1.187423e+00
-1.184731e+00
-1.182092e+00
-1.179513e+00
-1.176996e+00
-8.478006e-01
-5.699195e-01
-3.315215e-01
-1.233441e-01
6.183290e-02
2.296100e-01
3.843086e-01
5.292443e-01
6.669438e-01
7.993203e-01
9.278099e-01
1.053481e+00
1.177121e+00
1.299303e+00
1.420439e+00
1.540818e+00
1.660641e+00
1.780044e+00
1.899116e+00
2.017911e+00
1.809721e+00
1.652553e+00
1.534584e+00
1.446555e+00
1.381245e+00
1.333055e+00
1.297661e+00
1.271750e+00
1.252796e+00
1.238889e+00
1.228598e+00
1.220859e+00
1.214889e+00
1.210124e+00
1.206157e+00
1.202705e+00
1.199575e+00
1.196638e+00
1.193811e+00
1.191046e+00
1.188317e+00
1.185611e+00
1.182928e+00
1.180270e+00
1.177644e+00
1.175058e+00
1.172517e+00
1.170029e+00
1.167598e+00
1.165228e+00
8.361769e-01
5.584390e-01
3.201821e-01
1.121441e-01
-7.289517e-02
-2.405362e-01
-3.951005e-01
-5.399033e-01
-6.774718e-01
-8.097188e-01
-9.380805e-01
-1.063625e+00
-1.187141e+00
-1.309200e+00
-1.430213e+00
-1.550472e+00
-1.670177e+00
-1.789463e+00
-1.908418e+00
-2.027100e+00
-1.818796e+00
-1.661516e+00
-1.543437e+00
-1.455299e+00
-1.389882e+00
-1.341585e+00
-1.306087e+00
-1.280072e+00
-1.261016e+00
-1.247008e+00
-1.236617e+00
-1.228779e+00
-1.222712e+00
-1.217850e+00
-1.213788e+00
-1.210243e+00
-1.207020e+00
-1.203991e+00
-1.201074e+00
-1.198220e+00
-1.195402e+00
-1.192610e+00
-1.189840e+00
-1.187097e+00
-1.184388e+00
-1.181718e+00
-1.179096e+00
-1.176527e+00
-1.174016e+00
-1.171566e+00
-8.424377e-01
-5.646228e-01
-3.262898e-01
-1.181768e-01
6.693673e-02
2.346511e-01
3.892877e-01
5.341620e-01
6.718011e-01
8.041179e-01
9.325484e-01
1.058161e+00
1.181744e+00
1.303869e+00
1.424949e+00
1.545272e+00
1.665040e+00
1.784390e+00
1.903408e+00
2.022151e+00
1.813908e+00
1.656688e+00
1.538669e+00
1.450589e+00
1.385230e+00
1.336990e+00
1.301548e+00
1.275589e+00
1.256588e+00
1.242635e+00
1.232298e+00
1.224513e+00
1.218499e+00
1.213688e+00
1.209678e+00
1.206183e+00
1.203010e+00
1.200031e+00
1.197162e+00
1.194356e+00
1.191586e+00
1.188840e+00
1.186117e+00
1.183420e+00
1.180755e+00
1.178131e+00
1.175552e+00
1.173027e+00
1.170559e+00
1.168152e+00
8.390656e-01
5.612919e-01
3.230001e-01
1.149275e-01
-7.014620e-02
-2.378210e-01
-3.924187e-01
-5.372546e-01
-6.748558e-01
-8.071348e-01
-9.355282e-01
-1.061104e+00
-1.184651e+00
-1.306741e+00
-1.427784e+00
-1.548073e+00
-1.667807e+00
-1.787122e+00
-1.906107e+00
-2.024816e+00
-1.816541e+00
-1.659289e+00
-1.541237e+00
-1.453126e+00
-1.387736e+00
-1.339465e+00
-1.303993e+00
-1.278004e+00
-1.258973e+00
-1.244990e+00
-1.234624e+00
-1.226811e+00
-1.220768e+00
-1.215930e+00
-1.211892e+00
-1.208369e+00
-1.205170e+00
-1.202164e+00
-1.199269e+00
-1.196437e+00
-1.193642e+00
-1.190871e+00
-1.188123e+00
-1.185401e+00
-1.182712e+00
-1.180063e+00
-1.177461e+00
-1.174912e+00
-1.172421e+00
-1.169991e+00
-8.408818e-01
-5.630859e-01
-3.247719e-01
-1.166775e-01
6.841761e-02
2.361137e-01
3.907324e-01
5.355890e-01
6.732104e-01
8.055099e-01
9.339233e-01
1.059519e+00
1.183085e+00
1.305194e+00
1.426257e+00
1.546565e+00
1.666317e+00
1.785651e+00
1.904653e+00
2.023381e+00
1.815123e+00
1.657889e+00
1.539854e+00
1.451760e+00
1.386386e+00
1.338132e+00
1.302676e+00
1.276703e+00
1.257689e+00
1.243722e+00
1.233371e+00
1.225573e+00
1.219546e+00
1.214723e+00
1.210699e+00
1.207192e+00
1.204007e+00
1.201015e+00
1.198134e+00
1.195316e+00
1.192535e+00
1.189777e+00
1.187043e+00
1.184334e+00
1.181658e+00
1.179022e+00
1.176433e+00
1.173897e+00
1.171418e+00
1.169001e+00
8.399037e-01
5.621197e-01
3.238176e-01
1.157350e-01
-6.934857e-02
-2.370333e-01
-3.916406e-01
-5.364860e-01
-6.740965e-01
-8.063850e-01
-9.347876e-01
-1.060373e+00
-1.183928e+00
-1.306027e+00
-1.427080e+00
-1.547377e+00
-1.667119e+00
-1.786443e+00
-1.905436e+00
-2.024154e+00
-1.815887e+00
-1.658643e+00
-1.540599e+00
-1.452496e+00
-1.387113e+00
-1.338850e+00
-1.303385e+00
-1.277404e+00
-1.258380e+00
-1.244405e+00
-1.234046e+00
-1.226240e+00
-1.220204e+00
-1.215373e+00
-1.211342e+00
-1.207826e+00
-1.204633e+00
-1.201634e+00
-1.198746e+00
-1.195920e+00
-1.193131e+00
-1.190366e+00
-1.187624e+00
-1.184909e+00
-1.182226e+00
-1.179583e+00
-1.176987e+00
-1.174444e+00
-1.171958e+00
-1.169534e+00
-1.003802e+00
-8.637576e-01
-7.434861e-01
-6.383548e-01
-5.447528e-01
-4.598785e-01
-3.815693e-01
-3.081663e-01
-2.384036e-01
-1.713234e-01
-1.062058e-01
-4.251489e-02
2.014455e-02
8.206025e-02
1.434392e-01
2.044276e-01
2.651270e-01
3.256059e-01
3.859093e-01
4.460657e-01
3.427203e-01
2.648782e-01
2.066279e-01
1.633397e-01
1.314042e-01
1.080209e-01
9.102912e-02
7.877167e-02
6.998584e-02
6.371683e-02
5.924852e-02
5.604905e-02
5.372769e-02
5.200111e-02
5.066698e-02
4.958354e-02
4.865374e-02
4.781319e-02
4.702092e-02
4.625242e-02
4.549450e-02
4.474149e-02
4.399241e-02
4.324907e-02
4.251466e-02
4.179286e-02
4.108722e-02
4.040084e-02
3.973613e-02
3.909482e-02
3.847793e-02
3.788580e-02
3.731820e-02
3.677446e-02
3.625352e-02
3.575405e-02
3.527451e-02
3.481330e-02
3.436872e-02
3.393911e-02
3.352286e-02
3.311842e-02
3.272436e-02
3.233938e-02
3.196230e-02
3.159205e-02
3.122774e-02
3.086858e-02
3.051390e-02
3.016314e-02
2.981585e-02
2.947170e-02
2.913039e-02
2.879172e-02
2.845556e-02
2.812182e-02
2.779045e-02
2.746145e-02
2.713484e-02
2.681066e-02
2.648898e-02
2.616986e-02
2.585338e-02
2.553962e-02
2.522866e-02
2.492059e-02
2.461547e-02
2.431338e-02
2.401438e-02
2.371854e-02
2.342590e-02
2.313649e-02
2.285035e-02
2.256751e-02
2.228799e-02
2.201180e-02
2.173894e-02
2.146940e-02
2.120319e-02
2.094029e-02
2.068067e-02
2.042433e-02
2.017123e-02
1.992134e-02
1.967463e-02
1.943107e-02
1.919063e-02
1.895326e-02
1.871892e-02
1.848758e-02
1.825920e-02
1.803373e-02
1.781113e-02
1.759137e-02
1.737440e-02
1.716019e-02
1.694868e-02
1.673985e-02
1.653365e-02
1.633005e-02
1.612900e-02
1.593047e-02
1.573443e-02
1.554084e-02
1.534967e-02
1.516087e-02
1.497442e-02
1.479028e-02
1.460842e-02
1.442882e-02
1.425143e-02
1.407624e-02
1.390321e-02
1.373231e-02
1.356352e-02
1.339681e-02
1.323214e-02
1.306950e-02
1.290887e-02
1.275020e-02
1.259348e-02
1.243869e-02
1.228580e-02
1.213478e-02
1.198562e-02
1.183829e-02
1.169276e-02
1.154902e-02
1.140705e-02
1.126681e-02
1.112830e-02
1.099148e-02
1.085635e-02
1.072287e-02
1.059103e-02
1.046081e-02
1.033218e-02
1.020514e-02
1.007965e-02
9.955709e-03
9.833285e-03
9.712365e-03
9.592932e-03
9.474964e-03
9.358446e-03
9.243360e-03
9.129686e-03
9.017411e-03
8.906513e-03
8.796980e-03
8.688793e-03
8.581934e-03
8.476391e-03
8.372144e-03
8.269180e-03
8.167480e-03
8.067030e-03
7.967817e-03
7.869822e-03
7.773034e-03
7.677435e-03
7.583012e-03
7.489750e-03
7.397634e-03
7.306652e-03
7.216789e-03
7.128030e-03
7.040364e-03
6.953775e-03
6.868251e-03
6.783779e-03
6.700348e-03
6.617941e-03
6.536548e-03
6.456156e-03
6.376753e-03
6.298326e-03
6.220865e-03
6.144355e-03
6.068788e-03
5.994149e-03
5.920429e-03
5.847616e-03
5.775697e-03
5.704663e-03
5.634503e-03
5.565206e-03
5.496762e-03
5.429158e-03
5.362387e-03
5.296436e-03
5.231298e-03
5.166960e-03
5.103413e-03
5.040648e-03
4.978655e-03
4.917424e-03
4.856946e-03
4.797213e-03
4.738214e-03
4.679941e-03
4.622384e-03
4.565536e-03
4.509386e-03
4.453928e-03
4.399151e-03
4.345047e-03
4.291609e-03
4.238829e-03
4.186698e-03
4.135207e-03
4.084350e-03
4.034119e-03
3.984505e-03
3.935501e-03
3.887100e-03
3.839294e-03
3.792076e-03
3.745439e-03
3.699376e-03
3.653878e-03
3.608941e-03
3.564556e-03
3.520718e-03
3.477418e-03
3.434651e-03
3.392410e-03
3.350689e-03
3.309480e-03
3.268778e-03
3.228577e-03
3.188870e-03
3.149652e-03
3.110916e-03
3.072656e-03
3.034867e-03
2.997542e-03
2.960677e-03
2.924265e-03
2.888300e-03
2.852778e-03
2.817693e-03
2.783040e-03
2.748812e-03
2.715006e-03
2.681615e-03
2.648635e-03
2.616061e-03
2.583887e-03
2.552109e-03
2.520721e-03
2.489720e-03
2.459100e-03
2.428857e-03
2.398986e-03
2.369482e-03
2.340341e-03
2.311558e-03
2.283129e-03
2.255050e-03
2.227316e-03
2.199923e-03
2.172867e-03
2.146144e-03
2.119750e-03
2.093680e-03
2.067930e-03
2.042498e-03
2.017378e-03
1.992568e-03
1.968062e-03
1.943858e-03
1.919951e-03
1.896339e-03
1.873016e-03
1.849981e-03
1.827229e-03
1.804757e-03
1.782561e-03
1.760638e-03
